01012
01013
01019
01029
01039
01059
01109
01112
01113
01119
01121
01129
01139
01211
01219
01229
01231
01239
01311
01319
01329
01339
01341
01349
01411
01419
01421
01429
01511
01519
01521
01529
01541
01549
01559
01611
01619
01621
01629
01631
01639
02029
02049
02051
02061
02089
02099
02101
02111
02119
02141
02149
02151
02159
02161
02169
02171
02181
03011
03019
03021
03031
03041
03059
03071
03111
03129
03151
03217
03218
03222
03223
03239
03241
03331
03339
03341
03349
03361
03369
03371
03381
03391
03411
03419
03421
03501
03509
03511
03519
03529
03539
03549
03579
04019
04029
04111
04121
04142
04143
04149
04151
04159
04167
04168
04179
04211
04219
04222
04223
04229
04239
04249
04251
04311
04321
04329
04331
04339
05012
05013
05019
05022
05023
05029
05039
05049
05059
05069
05129
05131
05189
05199
05239
05241
05259
05269
05271
05319
05411
05419
05421
05429
05431
05519
05521
05629
05631
05641
05649
05651
06011
06029
06031
06039
06049
06051
06069
06071
06081
06129
06131
06141
06149
06151
06159
06161
06169
06171
06189
07011
07021
07031
07111
07211
07221
07231
07241
07249
07319
07329
07331
07351
07359
07361
07369
07371
07379
07419
07517
07518
07529
07531
07539
07551
07561
07569
07571
07589
08011
08019
08031
08041
08057
08058
08069
08079
08111
08121
08137
08138
09011
09022
09023
09037
09038
09047
09048
09059
09111
09121
09131
09139
09141
09149
09159
09169
09179
09191
09212
09213
09219
10009
10011
10017
10018
10021
10041
10049
10051
10059
10061
10069
10071
10079
10081
10089
10091
10099
10101
10109
10111
10119
10121
10129
10131
10139
10141
10149
10151
10161
10169
10171
10179
10181
10189
10191
10199
10201
10209
10211
10219
10221
10229
10231
10239
10241
10249
10261
10269
10271
10279
10281
10289
10291
10299
10321
10329
10331
10339
10341
10349
10351
10359
10361
10369
10371
10379
10381
10389
10391
10399
10401
10409
10411
10419
10421
10429
10431
10439
10441
10449
10451
10459
10461
10469
10471
10479
10481
10489
10499
10501
10519
10599
10651
10659
11001
11009
11019
11021
11029
11031
11039
11041
11049
11051
11059
11061
11069
11071
11079
11081
11089
11091
11099
11101
11109
11111
11119
11131
11139
11141
11149
11151
11159
11161
11169
11171
11179
11181
11189
11191
11199
11201
11209
11211
11219
11221
11229
11231
11239
11259
11261
11269
11271
11279
11281
11289
11291
11299
11301
11309
11311
11319
11321
11329
11331
11339
11341
11349
11351
11359
11361
11369
11379
11381
11389
11401
11409
11419
11429
11439
11441
11449
11451
11459
11469
11471
11481
11489
11491
11499
11511
11519
11521
11529
11531
11539
11541
11551
11561
11579
11589
11599
11609
12021
12029
12031
12039
12041
12049
12051
12059
12061
12069
12071
12079
12081
12089
12091
12099
12101
12109
12111
12119
12121
12129
12131
12139
12141
12149
12151
12169
12179
12189
12199
12201
12209
12211
13011
13019
13021
13029
13031
13039
13041
13049
13051
13059
13062
13063
13069
13071
13079
13081
13089
13091
13099
13101
13109
13119
13121
13139
13141
13159
13169
13171
13179
13181
13189
13191
13199
13201
13209
14009
14011
14019
14021
14029
14031
